.Random.seed <-
c(403L, 1L, 1538496768L, 2075384899L, -1795223583L, -876208304L, 
766259630L, -910016679L, 848442731L, -461398822L, -972532324L, 
927439263L, 2046965L, 1143233164L, -1771761822L, -1181618371L, 
1338345399L, 530056286L, -1309165160L, 2093178107L, -810108775L, 
1838475560L, -1360179242L, -1937400751L, -1991018749L, -1619427694L, 
-2016240604L, -224705817L, 354678589L, -775960652L, 2061732890L, 
2009560933L, -677197313L, -104332154L, 661186576L, 185170611L, 
1531509073L, -529278720L, -1111221282L, 1479256105L, 1406361563L, 
-1360257814L, 1479821964L, 1009415631L, 1080117637L, -1994649028L, 
647939858L, -524415987L, 1566459719L, 1144382766L, 815125640L, 
2124013963L, -1474881175L, 118002488L, -1563836954L, 2096449921L, 
-560136941L, 1386232514L, -1620384396L, 1319867767L, -1753145747L, 
361115908L, -610065366L, -1618028139L, 1975135791L, 1855114038L, 
-924609696L, -853124701L, 2025573057L, -375610704L, 147029454L, 
1468059961L, -1322504885L, 1981130490L, -241965060L, 1372547135L, 
538210581L, -163874260L, 1508976386L, 1227203549L, -500019497L, 
-282592834L, 572881912L, 1723240411L, 254583353L, -1256578168L, 
1385906998L, -594820751L, 810802083L, -459093262L, 2117847620L, 
1814123783L, 1602538717L, -1431975468L, -135049990L, -360745915L, 
1644487839L, -770759130L, 1669309104L, 242839379L, -143304079L, 
-1383602272L, 2076872510L, 2145883721L, -1128762629L, 885355210L, 
-2143972308L, -1722299345L, 1083696357L, 1384992156L, -1952403470L, 
-1288590739L, 1381855143L, -23268914L, 884504360L, 1810185515L, 
-505950391L, -851200936L, 914116870L, -853127967L, 1560489075L, 
1439504610L, 365314132L, 1124795735L, -778734259L, -552564508L, 
-602000182L, 1416509749L, -1558319217L, 1060056214L, 1878746176L, 
94631171L, -792291039L, -561622512L, 1532090862L, 290074009L, 
1563875883L, -431477990L, 106287580L, -1395234849L, -691511371L, 
560376140L, 615243682L, 1448621821L, -343214089L, -2105241314L, 
96009176L, -2063426245L, 1124973273L, 840390248L, -569833578L, 
-881749231L, 979598531L, 1612690642L, 1971798372L, -3009369L, 
1321974269L, 426316788L, -1811829542L, 1948171813L, 80302911L, 
171385030L, 334019920L, -919878285L, 1218383761L, 389620160L, 
-1426021474L, -914932375L, 1090946459L, 1875323050L, 1168398028L, 
301496207L, 1193374661L, 1889605500L, -1780029486L, -781924531L, 
-713452025L, 894428654L, -1348144952L, 898514891L, -1038345687L, 
-602773384L, 276817318L, 1396797377L, 893875283L, -1920623870L, 
143916596L, 673512375L, 1290054573L, 1562345668L, 226096362L, 
1692891989L, -1399993105L, 27181814L, 1364192800L, 1068872675L, 
154171521L, 1952425712L, -608287346L, -594842887L, -1991038837L, 
-2125008710L, 294937532L, 1537849599L, 1313590357L, -1578305684L, 
1247782850L, 920326173L, -1617825641L, 835046910L, 1233321400L, 
-1476374117L, 1644664825L, -1071431864L, 1577339510L, 844727217L, 
814456291L, -1701100878L, 1009942276L, -562617273L, -48499939L, 
226970004L, -37999302L, -1621618299L, 1415537247L, -913718042L, 
1260214128L, 485873811L, 750409009L, 2032266620L, -250150960L, 
-1321641694L, 2050018984L, 845578124L, 1506854076L, 428376882L, 
680044096L, -1478191948L, -540894136L, 363650490L, -147023344L, 
-481960724L, 688701780L, 1800428306L, -1035229792L, -1516547380L, 
-340501920L, -2122557502L, -493350104L, -1963884116L, 629843260L, 
-1461017742L, 1081611568L, -1235927260L, 1148679480L, 788027098L, 
817305488L, 81158908L, -1812448364L, -831323070L, 49409280L, 
1527738428L, -337978032L, 278189218L, 585255752L, -1086456052L, 
-156238116L, 444442450L, 1805670016L, 110702676L, -31288344L, 
2060028666L, 1585732944L, 542287660L, 1266453364L, 1966523282L, 
-226788768L, 733622156L, -675387552L, -1714123806L, -2070393944L, 
-747721524L, -366208516L, -1433968718L, -1884492304L, -2016334396L, 
-1209826984L, -694823558L, -1149022800L, -830831684L, 853915732L, 
1662103490L, -1454938080L, -869269316L, 2078636624L, 1460754402L, 
1110019688L, 1443540556L, -195716868L, -1817346062L, -1436109568L, 
-1075582092L, -1004328952L, 1148012986L, 2056359376L, 1312973804L, 
-1982768236L, -981595182L, 716623712L, 1520081228L, -1386114784L, 
1748397954L, 1454812904L, 1492969708L, 1092345404L, 1855083378L, 
1332848L, 2078018596L, -1289396424L, 1728790682L, 318019280L, 
-1040321348L, 1914493588L, 324577922L, 267948224L, 448644412L, 
-1878337392L, -192348638L, 1128831496L, 640455948L, -1675189604L, 
-274352622L, -1150140032L, -1265245676L, 1089011240L, 1743167802L, 
-1750746160L, -73322900L, 744409908L, 1779462802L, 2061849952L, 
313578828L, -1251961888L, -1253347422L, 1120456616L, 846647180L, 
1899563708L, 1060416370L, -208240400L, 45210692L, -473465512L, 
-1744662470L, 215544688L, -299953092L, -135304428L, -1595023934L, 
-367743776L, 551253884L, -867289392L, -244852062L, 1704809512L, 
464216332L, -179758148L, 572953906L, 1550583744L, 218064436L, 
405461960L, -1424706374L, -729225328L, 1229507052L, -1843899308L, 
-738329966L, 1273297696L, 340705740L, 1094298592L, 85505730L, 
-678627800L, -734859604L, 1953666748L, 1063969266L, -1681368784L, 
340789412L, 926837432L, 1337093978L, -176161392L, -421704324L, 
-18214636L, 1790606658L, -1456864512L, 1026567100L, 1243980624L, 
1342076194L, -1731409592L, -172815348L, 891259996L, 1323463890L, 
-1122929664L, 2053015380L, -2098837016L, 254368762L, -377763120L, 
-1872566996L, 699874548L, -1615887470L, -832861088L, -825206516L, 
-867669280L, -280226462L, 1815402152L, 1322806860L, -798608516L, 
646233906L, 1156833904L, 1742811460L, -1815836712L, 1600517242L, 
-732325328L, 984878780L, -502128812L, -1166242238L, -86745184L, 
1771576508L, -932826672L, 322580834L, -2068338712L, -1207780404L, 
805383932L, -59472910L, 665597056L, 677945588L, -1975910264L, 
41234746L, 106615632L, 189784172L, -628581228L, -2014853806L, 
-1511755040L, 653069516L, 1817435296L, 1981826L, 1604013288L, 
117296364L, -653154244L, 1350143090L, 2111741040L, 2089046564L, 
2016630328L, -1511951846L, -1365093168L, -339982788L, 144416916L, 
2099842178L, 1993706432L, 1209495868L, -1666978160L, 148759586L, 
-63922540L, -472622302L, 620869175L, 1582609153L, -672269818L, 
231491652L, -1703065227L, 507890911L, 1164660792L, -1619953642L, 
-610219997L, -1486882843L, 1617170946L, 634966128L, -376674791L, 
-529106933L, 300208892L, -1922464982L, 1686971743L, -1481081623L, 
597588990L, 696764396L, 1181655869L, 290008839L, 298510064L, 
1020741262L, -647020357L, 1756996765L, -399189942L, -895284632L, 
922183249L, 1437883715L, -553431996L, -1347780878L, -474470713L, 
1002777745L, 1788371478L, -1452683148L, -204672251L, 845101391L, 
-1516729528L, -994555162L, -2016232429L, 959308661L, -1495256238L, 
1274119072L, -821516663L, -470560069L, -781203188L, -1681988454L, 
667638287L, -1706906023L, 848184046L, -1748473476L, 1772845549L, 
-287480169L, 163463520L, -1757752002L, 606774795L, -515554675L, 
435126202L, 1330818552L, -142931551L, -533254317L, 1556463220L, 
1553432578L, -1509721449L, 1456858209L, -963755866L, -802148188L, 
1038715221L, -1001932289L, 234094744L, -19788362L, -1968822717L, 
600091525L, -717369310L, -833125616L, 604548793L, 1399898987L, 
-1649599908L, -1888741494L, -898914433L, 68934345L, -166136994L, 
2042398732L, -2079680547L, 1427317479L, -1901085936L, -688745938L, 
-296965925L, 1029445053L, 620725034L, 437586888L, -1433777935L, 
2018240099L, -303418780L, -796954222L, 1833909863L, 1546067505L, 
-1525095562L, -1019193196L, 1822271141L, -368311377L, 1077620840L, 
587871302L, -171990541L, -1311498923L, 374703922L, 2029210368L, 
-306278423L, 807883355L, -1254052692L, -305106246L, 238278767L, 
1240258041L, -252817266L, 1710954844L, -1469034035L, -290949833L, 
-2011854912L, -687808354L, 1168655723L, 1444609261L, 1624890714L, 
-1311764968L, 1679092609L, -1362128589L, -1168834732L, -1502963358L, 
1670500855L, 596763201L, -1317423418L, -243320828L, -1177757771L, 
336529567L, -1685195528L, 1974541526L, 132447587L, -1031546587L, 
-1482350910L, -2097894480L, 475936729L, 296509771L, -1692375108L, 
883900394L, -13432801L, -1354355031L, 1389670974L, 1423064876L, 
